%--------------------------------
1601 1601 31849
1 1 0.0961015179704652
2 1 -0.107010204835515
3 1 0.013042377970719
21 1 -0.0470335438818319
22 1 0.0569870669696195
23 1 0.000336380185654095
24 1 -0.00749085919995301
25 1 -0.0022847944407733
26 1 0.001557420468346
27 1 0.00225012317783389
28 1 -4.42166397111154e-05
90 1 0.0206242191646369
91 1 -0.0240124166664418
92 1 -0.000141739198133627
93 1 0.00305127153153992
94 1 1.80108810444242e-05
1 2 -0.107010204835515
2 2 0.222566277894427
3 2 -0.106995530879824
21 2 0.0569684990777657
22 2 -0.104090993229296
23 2 -0.0027257184945409
24 2 0.0569684990768424
25 2 -0.00872564943526899
26 2 0.00581709962306837
27 2 2.11169623454133e-11
28 2 0.0014917725993634
90 2 -0.0240045983335199
91 2 0.0466621399772382
92 2 0.00122189109725027
93 2 -0.0240045983408866
94 2 -0.000628582508648456
1 3 0.013042377970719
2 3 -0.106995530879824
3 3 0.192203035905762
4 3 -0.106995530902295
5 3 0.0130385716979257
21 3 -0.00748072355793022
22 3 0.0569099595882174
23 3 0.00298252441847198
24 3 -0.0939398085943446
25 3 -0.00218215993189297
26 3 0.00145477330608225
27 3 -0.00218158270484355
28 3 -0.00492317645323412
29 3 0.0569099594925473
30 3 0.00298252441345813
31 3 -0.00218215981457524
32 3 0.0014547731919045
33 3 0.00218158262602255
34 3 -0.00748072356572482
35 3 -0.000392048085502989
90 3 0.00304714295042824
91 3 -0.0239799262150723
92 3 -0.00125673460334731
93 3 0.0411926263846949
94 3 0.00215881393946345
95 3 -0.0239799261884862
96 3 -0.00125673460195398
97 3 0.00304714294981016
98 3 0.000159693985378706
3 4 -0.106995530902295
4 4 0.222566278181123
5 4 -0.106995530931906
24 4 0.0568123525282513
28 4 0.00447122934401137
29 4 -0.103805687065803
30 4 -0.00816968517283412
31 4 -0.00872564944129295
32 4 0.00581709962832042
33 4 -9.87623455239728e-11
34 4 0.056812352537849
35 4 0.00447122934476674
93 4 -0.0239388034636874
94 4 -0.00188402478940006
95 4 0.0465342423017965
96 4 0.00366232448440966
97 4 -0.0239388034324988
98 4 -0.00188402478694546
3 5 0.0130385716979257
4 5 -0.106995530931906
5 5 0.192203035786134
6 5 -0.106995530928077
7 5 0.013038571739784
24 5 -0.00744995328072565
28 5 -0.000783021635951862
29 5 0.0566758730948485
30 5 0.00595687425108332
31 5 -0.00218215988721107
32 5 0.00145477326276154
33 5 -0.00218158267562191
34 5 -0.0935534083450369
35 5 -0.00983285936043726
36 5 0.056675873244735
37 5 0.00595687426683703
38 5 -0.00218215986599003
39 5 0.00145477323881432
40 5 0.00218158266044906
41 5 -0.00744995330584777
42 5 -0.000783021638592306
93 5 0.00303460921194648
94 5 0.000318950277951473
95 5 -0.0238812901192247
96 5 -0.00251002471467511
97 5 0.0410231897230422
98 5 0.00431171094884658
99 5 -0.0238812901671802
100 5 -0.00251002471971544
101 5 0.00303460921607315
102 5 0.000318950278385202
5 6 -0.106995530928077
6 6 0.222566278329849
7 6 -0.106995531129503
34 6 0.0565004870323977
35 6 0.00743843026376007
36 6 -0.103235856758718
37 6 -0.0135912584395763
38 6 -0.00872564943446397
39 6 0.00581709962253535
40 6 -1.30241373241802e-11
41 6 0.0565004871252976
42 6 0.00743843027599056
97 6 -0.0238073938633111
98 6 -0.00313430287623122
99 6 0.0462787975126466
100 6 0.00609271930330624
101 6 -0.0238073938985346
102 6 -0.00313430288086848
5 7 0.013038571739784
6 7 -0.106995531129503
7 7 0.19220303599373
8 7 -0.106995531092303
9 7 0.0130385717233927
34 7 -0.00739876322115943
35 7 -0.00117184892972508
36 7 0.0562864423429976
37 7 0.00891489634768144
38 7 -0.00218215996459975
39 7 0.00145477334170152
40 7 -0.00218158272576444
41 7 -0.0929105848732585
42 7 -0.0147155904560488
43 7 0.0562864421824112
44 7 0.00891489632224701
45 7 -0.00218215977645847
46 7 0.00145477315233739
47 7 0.0021815826007829
48 7 -0.00739876320742805
49 7 -0.00117184892755023
97 7 0.00301375782558075
98 7 0.000477332329308402
99 7 -0.023717197210722
100 7 -0.00375643487116591
101 7 0.04074131145049
102 7 0.00645278958006323
103 7 -0.0237171971511451
104 7 -0.00375643486172986
105 7 0.00301375782333017
106 7 0.000477332328951946
7 8 -0.106995531092303
8 8 0.222566278540938
9 8 -0.106995530962497
41 8 0.056033758066071
42 8 0.0103852429229554
43 8 -0.102383064259303
44 8 -0.0189755788336681
45 8 -0.00872564942514753
46 8 0.00581709961720206
47 8 1.11070375119482e-10
48 8 0.0560337578582499
49 8 0.010385242884438
101 8 -0.0236107299768588
102 8 -0.00437599002567091
103 8 0.045896505761688
104 8 0.00850641431345595
105 8 -0.0236107299765798
106 8 -0.0043759900256192
7 9 0.0130385717233927
8 9 -0.106995530962497
9 9 0.19220303581078
10 9 -0.106995530896952
11 9 0.0130385716564717
41 9 -0.00732729364476276
42 9 -0.0015574643755108
43 9 0.0557427339067309
44 9 0.0118484841009975
45 9 -0.00218215979901906
46 9 0.00145477317742612
47 9 -0.00218158261343915
48 9 -0.092013099189884
49 9 -0.0195579883946668
50 9 0.0557427336827583
51 9 0.0118484840533907
52 9 -0.00218215995251247
53 9 0.0014547733244374
54 9 0.00218158271789362
55 9 -0.00732729359364215
56 9 -0.00155746436464478
101 9 0.00298464592272195
102 9 0.000634406088184488
103 9 -0.0234880968966044
104 9 -0.0049925492191997
105 9 0.0403477638435359
106 9 0.00857618213004824
107 9 -0.0234880968508848
108 9 -0.00499254920948169
109 9 0.00298464591589066
110 9 0.000634406086732455
9 10 -0.106995530896952
10 10 0.222566278046354
11 10 -0.106995530660259
48 10 0.0554134439312548
49 10 0.0133035907974691
50 10 -0.101249646538882
51 10 -0.024307889392558
52 10 -0.0087256494399281
53 10 0.00581709962454374
54 10 1.96543337160904e-11
55 10 0.0554134439728882
56 10 0.0133035908074643
105 10 -0.0233493506682706
106 10 -0.00560568310936688
107 10 0.0453884147890502
108 10 0.0108967942517418
109 10 -0.0233493506424952
110 10 -0.00560568310317874
9 11 0.0130385716564717
10 11 -0.106995530660259
11 11 0.192203035420826
12 11 -0.106995530848232
13 11 0.0130385716885077
48 11 -0.0072357403706233
49 11 -0.00193881080948614
50 11 0.0550462382136714
51 11 0.0147495952319558
52 11 -0.0021821598371248
53 11 0.00145477320761928
54 11 -0.00218158264248111
55 11 -0.0908634121059495
56 11 -0.0243467781532125
57 11 0.0550462384271238
58 11 0.0147495952891502
59 11 -0.00218215992041509
60 11 0.00145477329994875
61 11 0.00218158269297038
62 11 -0.00723574038413838
63 11 -0.0019388108131075
105 11 0.00294735331343556
106 11 0.000789740948509383
107 11 -0.0231946173688633
108 11 -0.00621497905856641
109 11 0.0398436258954005
110 11 0.0106760674952839
111 11 -0.0231946174001899
112 11 -0.00621497906696034
113 11 0.00294735331789948
114 11 0.000789740949705488
11 12 -0.106995530848232
12 12 0.222566278242609
13 12 -0.106995531067236
55 12 0.0546412455997154
56 12 0.0161854743452462
57 12 -0.0998387109138217
58 12 -0.0295735735234873
59 12 -0.00872564943106346
60 12 0.00581709962154514
61 12 -1.31069322062416e-11
62 12 0.0546412455570746
63 12 0.0161854743326154
109 12 -0.0230239723535531
110 12 -0.00682001132595034
111 12 0.0447559174409864
112 12 0.0132573067394133
113 12 -0.0230239724269636
114 12 -0.00682001134769553
11 13 0.0130385716885077
12 13 -0.106995531067236
13 13 0.192203035460238
14 13 -0.106995530403979
15 13 0.0130385716347067
55 13 -0.00712435458599658
56 13 -0.00231484306354932
57 13 0.0541988656371355
58 13 0.0176102784691498
59 13 -0.00218216000675919
60 13 0.00145477338113353
61 13 -0.00218158275790237
62 13 -0.0894646754294008
63 13 -0.0290688343555361
64 13 0.0541988653376402
65 13 0.0176102783718378
66 13 -0.00218215972909
67 13 0.00145477310200995
68 13 0.0021815825727666
69 13 -0.00712435458960006
70 13 -0.00231484306472014
109 13 0.00290198223805306
110 13 0.000942911161034073
111 13 -0.0228375632913906
112 13 -0.007420373920938
113 13 0.0392302796176907
114 13 0.0127466901819581
115 13 -0.0228375631667144
116 13 -0.00742037388042824
117 13 0.00290198223349597
118 13 0.000942911159553382
13 14 -0.106995530403979
14 14 0.222566277557108
15 14 -0.106995530528419
62 14 0.0537192790397096
63 14 0.0190229946194231
64 14 -0.0981541234457444
65 14 -0.0347581984635787
66 14 -0.00872564945185639
67 14 0.00581709963038152
68 14 -4.48040493594704e-11
69 14 0.0537192792435626
70 14 0.0190229946916113
113 14 -0.0226354869523855
114 14 -0.00801564641597208
115 14 0.0440007470102208
116 14 0.0155814818923258
117 14 -0.0226354869824308
118 14 -0.00801564642661168
13 15 0.0130385716347067
14 15 -0.106995530528419
15 15 0.192203035945301
16 15 -0.106995531620913
17 15 0.0130385717207227
62 15 -0.0069934413107493
63 15 -0.00268453065752305
64 15 0.0532029365626605
65 15 0.0204226943397933
66 15 -0.00218215978822917
67 15 0.00145477314836492
68 15 -0.00218158260713261
69 15 -0.0878207218836669
70 15 -0.0337112173802241
71 15 0.0532029371753264
72 15 0.0204226945749737
73 15 -0.00218215996452764
74 15 0.00145477336362518
75 15 0.00218158272167587
76 15 -0.00699344132495294
77 15 -0.00268453066297532
113 15 0.00284865698280795
114 15 0.00109349698715005
115 15 -0.0224179125261954
116 15 -0.00860543054271995
117 15 0.0385094054433017
118 15 0.0147823760752276
119 15 -0.0224179127208096
120 15 -0.00860543061742536
121 15 0.00284865698777426
122 15 0.00109349698905643
15 16 -0.106995531620913
16 16 0.222566278294798
17 16 -0.106995530381111
69 16 0.0526500727697319
70 16 0.021808374092341
71 16 -0.0962005038645657
72 16 -0.0398475532090101
73 16 -0.00872564944933568
74 16 0.00581709963910801
75 16 -6.25466345383074e-12
76 16 0.0526500719643517
77 16 0.0218083737587416
117 16 -0.022184959469625
118 16 -0.00918931104716625
119 16 0.0431249739199013
120 16 0.0178629489854824
121 16 -0.0221849592058968
122 16 -0.00918931093792646
15 17 0.0130385717207227
16 17 -0.106995530381111
17 17 0.1922030353644
18 17 -0.106995531028646
19 17 0.0130385717620365
69 17 -0.00684335967418945
70 17 -0.00304685997363227
71 17 0.0520611830677935
72 17 0.0231791316577248
73 17 -0.00218215999486793
74 17 0.00145477336629823
75 17 -0.00218158275339067
76 17 -0.0859360579760016
77 17 -0.0382611973949525
78 17 0.0520611833368088
79 17 0.0231791317774981
80 17 -0.00218215974707323
81 17 0.00145477311543118
82 17 0.00218158258637588
83 17 -0.00684335970820282
84 17 -0.00304685998877599
117 17 0.00278752382409302
118 17 0.0012410855441675
119 17 -0.0219368163052817
120 17 -0.00976689970009542
121 17 0.0376829800041787
122 17 0.0167775433307933
123 17 -0.0219368164339058
124 17 -0.00976689975736256
125 17 0.00278752383333236
126 17 0.00124108554828112
17 18 -0.106995531028646
18 18 0.222566279076817
19 18 -0.106995531543978
76 18 0.0514365549885147
77 18 0.0245339785114023
78 18 -0.0939832045318418
79 18 -0.0448276895863613
80 18 -0.00872564940674087
81 18 0.00581709960449403
82 18 -7.97922838913223e-11
83 18 0.0514365554377711
84 18 0.0245339787256866
121 18 -0.0216736242406745
122 18 -0.0103377885922502
123 18 0.0421309981761029
124 18 0.0200954555402717
125 18 -0.0216736243380991
126 18 -0.0103377886387193
17 19 0.0130385717620365
18 19 -0.106995531543978
19 19 0.192203035734764
20 19 -0.106995530752826
76 19 -0.00667452073617336
77 19 -0.00340083811677291
78 19 0.050776733318352
79 19 0.0258720374001367
80 19 -0.00218215999024834
81 19 0.00145477337759264
82 19 -0.00218158273280555
83 19 -0.083815849810374
84 19 -0.0427063077772765
85 19 0.050776732847337
86 19 0.0258720371601425
87 19 -0.00218215977615505
88 19 0.00145477314481288
89 19 0.00218158259852713
121 19 0.00271875021923393
122 19 0.00138527240247311
123 19 -0.021395592761057
124 19 -0.010901598821681
125 19 0.0367532681745675
126 19 0.0187267251484645
127 19 -0.0213955926535332
128 19 -0.0109015987668949
19 20 -0.106995530752826
20 20 0.222566278344147
83 20 0.050082054156436
84 20 0.0271923366670815
85 20 -0.0915083035422208
86 20 -0.0496849548139746
87 20 -0.00872564945608473
88 20 0.00581709963917493
89 20 -2.33742469823994e-11
125 20 -0.021102883301137
126 20 -0.011457930730601
127 20 0.0410215441177288
128 20 0.0222728811156296
1 21 -0.0470335438818319
2 21 0.0569684990777657
3 21 -0.00748072355793022
21 21 0.333633988277313
22 21 -0.374196135096332
24 21 0.0459529916887553
25 21 2.60208521396521e-17
26 21 0.00351686183364452
27 21 -8.32161778287904e-08
90 21 0.0322294436266741
91 21 -0.0406805498006682
93 21 0.00552293580098709
1 22 0.0569870669696195
2 22 -0.104090993229296
3 22 0.0569099595882174
21 22 -0.374196135096332
22 22 0.76995269435637
24 22 -0.374196134831175
25 22 -2.08166817117217e-17
26 22 0.0140578095191113
27 22 -0.00242826274720005
90 22 -0.0406805176313267
91 22 0.0696500555707935
93 22 -0.0406805177277814
1 23 0.000336380185654095
2 23 -0.0027257184945409
3 23 0.00298252441847198
23 23 0.76995269435637
25 23 -1.66533453693773e-16
26 23 0.000368116711110811
27 23 0.0927316130844447
28 23 -0.374196134831175
92 23 0.0696500555707935
94 23 -0.0406805177277814
1 24 -0.00749085919995301
2 24 0.0569684990768424
3 24 -0.0939398085943446
4 24 0.0568123525282513
5 24 -0.00744995328072565
21 24 0.0459529916887553
22 24 -0.374196134831175
24 24 0.667267976509493
25 24 0.00364139552666666
26 24 0.00351204292324438
27 24 0.0024275138016
29 24 -0.374196135548498
31 24 -0.00364139552666681
32 24 0.00351204126866679
33 24 0.00242734759688897
34 24 0.04595299170345
90 24 0.00552293577168703
91 24 -0.0406805496635616
93 24 0.0644588872396277
95 24 -0.040680549454942
97 24 0.00552293574809309
1 25 -0.0022847944407733
2 25 -0.00872564943526899
3 25 -0.00218215993189297
21 25 2.60208521396521e-17
22 25 -2.08166817117217e-17
23 25 -1.66533453693773e-16
24 25 0.00364139552666666
28 25 -0.0694819657333325
90 25 -0.00309313287766674
91 25 -0.0123640548999999
92 25 -0.000323764200001131
93 25 -0.00217854569400006
94 25 -0.0175323596499989
1 26 0.001557420468346
2 26 0.00581709962306837
3 26 0.00145477330608225
21 26 0.00351686183364452
22 26 0.0140578095191113
23 26 0.000368116711110811
24 26 0.00351204292324438
28 26 0.00018404255555679
90 26 -0.00206208858526671
91 26 -0.00824270326622217
92 26 -0.00021584280000092
93 26 -0.00114891416817781
94 26 -0.0174784035777773
1 27 0.00225012317783389
2 27 2.11169623454133e-11
3 27 -0.00218158270484355
21 27 -8.32161778287904e-08
22 27 -0.00242826274720005
23 27 0.0927316130844447
24 27 0.0024275138016
28 27 -0.0463181325866659
90 27 0.00309226441228892
91 27 -0.000605370364577688
92 27 0.0231181615377767
93 27 -0.00248286378548894
94 27 -0.0117090304966659
1 28 -4.42166397111154e-05
2 28 0.0014917725993634
3 28 -0.00492317645323412
4 28 0.00447122934401137
5 28 -0.000783021635951862
23 28 -0.374196134831175
25 28 -0.0694819657333325
26 28 0.00018404255555679
27 28 -0.0463181325866659
28 28 0.667267976509493
30 28 -0.374196135548498
31 28 0.0694819657333325
32 28 0.000184074064442333
33 28 -0.0463181412933322
35 28 0.04595299170345
92 28 -0.0406805496635616
94 28 0.0644588872396277
96 28 -0.040680549454942
98 28 0.00552293574809309
3 29 0.0569099594925473
4 29 -0.103805687065803
5 29 0.0566758730948485
24 29 -0.374196135548498
29 29 0.769952695072202
31 29 7.28583859910259e-17
32 29 0.0140192780364446
33 29 -0.0072781325448889
34 29 -0.374196135015731
93 29 -0.0406805180175553
95 29 0.06965005562488
97 29 -0.0406805177208807
3 30 0.00298252441345813
4 30 -0.00816968517283412
5 30 0.00595687425108332
28 30 -0.374196135548498
30 30 0.769952695072202
31 30 7.7715611723761e-16
32 30 0.00110334107555443
33 30 0.092477442231111
35 30 -0.374196135015731
94 30 -0.0406805180175553
96 30 0.06965005562488
98 30 -0.0406805177208807
3 31 -0.00218215981457524
4 31 -0.00872564944129295
5 31 -0.00218215988721107
24 31 -0.00364139552666681
28 31 0.0694819657333325
29 31 7.28583859910259e-17
30 31 7.7715611723761e-16
34 31 0.00727281024000009
35 31 -0.0691961672666679
93 31 -0.00399924199999996
94 31 0.0172085955666657
95 31 -0.0123301658866666
96 31 -0.000970405066666014
97 31 -0.00125798726166683
98 31 -0.0176223484499983
3 32 0.0014547731919045
4 32 0.00581709962832042
5 32 0.00145477326276154
24 32 0.00351204126866679
28 32 0.000184074064442333
29 32 0.0140192780364446
30 32 0.00110334107555443
34 32 0.0034975977522221
35 32 0.000367596500001982
93 32 -0.00296961096155555
94 32 0.0172625608566662
95 32 -0.00822011059155547
96 32 -0.000646936715554713
97 32 -0.000232590653888989
98 32 -0.0175145795777771
3 33 0.00218158262602255
4 33 -9.87623455239728e-11
5 33 -0.00218158267562191
24 33 0.00242734759688897
28 33 -0.0463181412933322
29 33 -0.0072781325448889
30 33 0.092477442231111
34 33 0.00484829073911117
35 33 -0.0461276089822225
93 33 0.00369318935799995
94 33 -0.0113853572944435
95 33 -0.00181445181933323
96 33 0.0230547962333304
97 33 -0.00186665779755565
98 33 -0.0118229267277763
3 34 -0.00748072356572482
4 34 0.056812352537849
5 34 -0.0935534083450369
6 34 0.0565004870323977
7 34 -0.00739876322115943
24 34 0.04595299170345
29 34 -0.374196135015731
31 34 0.00727281024000009
32 34 0.0034975977522221
33 34 0.00484829073911117
34 34 0.667267976291324
36 34 -0.374196134926109
38 34 -0.00727281024000015
39 34 0.00349759444911137
40 34 0.00484812521911124
41 34 0.0459529917954933
93 34 0.00552293580516366
95 34 -0.0406805496160769
97 34 0.0644588870808218
99 34 -0.0406805498501939
101 34 0.00552293577174004
3 35 -0.000392048085502989
4 35 0.00447122934476674
5 35 -0.00983285936043726
6 35 0.00743843026376007
7 35 -0.00117184892972508
28 35 0.04595299170345
30 35 -0.374196135015731
31 35 -0.0691961672666679
32 35 0.000367596500001982
33 35 -0.0461276089822225
35 35 0.667267976291324
37 35 -0.374196134926109
38 35 0.069196167266667
39 35 0.00036762787555332
40 35 -0.0461276263911115
42 35 0.0459529917954933
94 35 0.00552293580516366
96 35 -0.0406805496160769
98 35 0.0644588870808218
100 35 -0.0406805498501939
102 35 0.00552293577174004
5 36 0.056675873244735
6 36 -0.103235856758718
7 36 0.0562864423429976
34 36 -0.374196134926109
36 36 0.769952694827275
38 36 -4.42354486374086e-17
39 36 0.0139423206924446
40 36 -0.0121080534782224
41 36 -0.374196135803304
97 36 -0.0406805174710985
99 36 0.0696500556209907
101 36 -0.0406805174815079
5 37 0.00595687426683703
6 37 -0.0135912584395763
7 37 0.00891489634768144
35 37 -0.374196134926109
37 37 0.769952694827275
38 37 7.21644966006352e-16
39 37 0.00183554133333408
40 37 0.0919697970488902
42 37 -0.374196135803304
98 37 -0.0406805174710985
100 37 0.0696500556209907
102 37 -0.0406805174815079
5 38 -0.00218215986599003
6 38 -0.00872564943446397
7 38 -0.00218215996459975
34 38 -0.00727281024000015
35 38 0.069196167266667
36 38 -4.42354486374086e-17
37 38 7.21644966006352e-16
41 38 0.0108842906866666
42 38 -0.068720706866666
97 38 -0.00489438948166657
98 38 0.0169757075333324
99 38 -0.0122624807400002
100 38 -0.00161438619999987
101 38 -0.00033398077999996
102 38 -0.0176640355333335
5 39 0.00145477323881432
6 39 0.00581709962253535
7 39 0.00145477334170152
34 39 0.00349759444911137
35 39 0.00036762787555332
36 39 0.0139423206924446
37 39 0.00183554133333408
41 39 0.00347356589444436
42 39 0.0005501427911134
97 39 -0.00386899384122216
98 39 0.0170834856344443
99 39 -0.00817498715955572
100 39 -0.00107625746666667
101 39 0.000684370371111152
102 39 -0.0175027492677783
5 40 0.00218158266044906
6 40 -1.30241373241802e-11
7 40 -0.00218158272576444
34 40 0.00484812521911124
35 40 -0.0461276263911115
36 40 -0.0121080534782224
37 40 0.0919697970488902
41 40 0.00725577885022216
42 40 -0.0458106527911106
97 40 0.00428399153155545
98 40 -0.0111764674011102
99 40 -0.00301855997977751
100 40 0.0229282394133308
101 40 -0.00124533543288891
102 40 -0.011904417101111
5 41 -0.00744995330584777
6 41 0.0565004871252976
7 41 -0.0929105848732585
8 41 0.056033758066071
9 41 -0.00732729364476276
34 41 0.0459529917954933
36 41 -0.374196135803304
38 41 0.0108842906866666
39 41 0.00347356589444436
40 41 0.00725577885022216
41 41 0.667267977395515
43 41 -0.374196135049516
45 41 -0.0108842906866667
46 41 0.00347356096333354
47 41 0.00725561446622219
48 41 0.0459529917735333
97 41 0.00552293578739754
99 41 -0.0406805499861227
101 41 0.0644588871141205
103 41 -0.0406805498036591
105 41 0.00552293579233598
5 42 -0.000783021638592306
6 42 0.00743843027599056
7 42 -0.0147155904560488
8 42 0.0103852429229554
9 42 -0.0015574643755108
35 42 0.0459529917954933
37 42 -0.374196135803304
38 42 -0.068720706866666
39 42 0.0005501427911134
40 42 -0.0458106527911106
42 42 0.667267977395515
44 42 -0.374196135049516
45 42 0.0687207068666669
46 42 0.000550173986664355
47 42 -0.0458106788266663
49 42 0.0459529917735333
98 42 0.00552293578739754
100 42 -0.0406805499861227
102 42 0.0644588871141205
104 42 -0.0406805498036591
106 42 0.00552293579233598
7 43 0.0562864421824112
8 43 -0.102383064259303
9 43 0.0557427339067309
41 43 -0.374196135049516
43 43 0.769952694578379
45 43 6.24500451351651e-17
46 43 0.0138271484097781
47 43 -0.0169047870924447
48 43 -0.374196135440803
101 43 -0.0406805173885494
103 43 0.0696500554647277
105 43 -0.0406805176224181
7 44 0.00891489632224701
8 44 -0.0189755788336681
9 44 0.0118484841009975
42 44 -0.374196135049516
44 44 0.769952694578379
45 44 -6.66133814775094e-16
46 44 0.00256271048888751
47 44 0.0912100690311131
49 44 -0.374196135440803
102 44 -0.0406805173885494
104 44 0.0696500554647277
106 44 -0.0406805176224181
7 45 -0.00218215977645847
8 45 -0.00872564942514753
9 45 -0.00218215979901906
41 45 -0.0108842906866667
42 45 0.0687207068666669
43 45 6.24500451351651e-17
44 45 -6.66133814775094e-16
48 45 0.0144659380533336
49 45 -0.0680568876666654
101 45 -0.00577612178000012
102 45 0.016696290366668
103 45 -0.0121611849933332
104 45 -0.00225394246666744
105 45 0.000590941128333144
106 45 -0.0176573067999993
7 46 0.00145477315233739
8 46 0.00581709961720206
9 46 0.00145477317742612
41 46 0.00347356096333354
42 46 0.000550173986664355
43 46 0.0138271484097781
44 46 0.00256271048888751
48 46 0.00344001324422198
49 46 0.000731181257779268
101 46 -0.00475777207777794
102 46 0.0168575858233346
103 46 -0.0081074566626666
104 46 -0.00150262831111164
105 46 0.00159945559011106
106 46 -0.0174429451788886
7 47 0.0021815826007829
8 47 1.11070375119482e-10
9 47 -0.00218158261343915
41 47 0.00725561446622219
42 47 -0.0458106788266663
43 47 -0.0169047870924447
44 47 0.0912100690311131
48 47 0.00964337937733351
49 47 -0.0453681326933326
101 47 0.00486305158044439
102 47 -0.0109369436433334
103 47 -0.0042143944819997
104 47 0.0227388378088857
105 47 -0.000620599686222439
106 47 -0.011953278343332
7 48 -0.00739876320742805
8 48 0.0560337578582499
9 48 -0.092013099189884
10 48 0.0554134439312548
11 48 -0.0072357403706233
41 48 0.0459529917735333
43 48 -0.374196135440803
45 48 0.0144659380533336
46 48 0.00344001324422198
47 48 0.00964337937733351
48 48 0.667267976717145
50 48 -0.3741961349211
52 48 -0.0144659380533338
53 48 0.00344000668800039
54 48 0.00964321658222245
55 48 0.0459529916160459
101 48 0.00552293574925444
103 48 -0.0406805496936244
105 48 0.0644588871428153
107 48 -0.0406805495060631
109 48 0.00552293580094024
7 49 -0.00117184892755023
8 49 0.010385242884438
9 49 -0.0195579883946668
10 49 0.0133035907974691
11 49 -0.00193881080948614
42 49 0.0459529917735333
44 49 -0.374196135440803
45 49 -0.0680568876666654
46 49 0.000731181257779268
47 49 -0.0453681326933326
49 49 0.667267976717145
51 49 -0.3741961349211
52 49 0.0680568876666663
53 49 0.000731212066665418
54 49 -0.0453681672888886
56 49 0.0459529916160459
102 49 0.00552293574925444
104 49 -0.0406805496936244
106 49 0.0644588871428153
108 49 -0.0406805495060631
110 49 0.00552293580094024
9 50 0.0557427336827583
10 50 -0.101249646538882
11 50 0.0550462382136714
48 50 -0.3741961349211
50 50 0.76995269338477
52 50 9.0205620750794e-17
53 50 0.0136740768888888
54 50 -0.0216551858488889
55 50 -0.374196134086503
105 50 -0.0406805178772431
107 50 0.0696500554366355
109 50 -0.0406805179181435
9 51 0.0118484840533907
10 51 -0.024307889392558
11 51 0.0147495952319558
49 51 -0.3741961349211
51 51 0.76995269338477
52 51 1.11022302462516e-15
53 51 0.00328285544888895
54 51 0.090200340622224
56 51 -0.374196134086503
106 51 -0.0406805178772431
108 51 0.0696500554366355
110 51 -0.0406805179181435
9 52 -0.00218215995251247
10 52 -0.0087256494399281
11 52 -0.0021821598371248
48 52 -0.0144659380533338
49 52 0.0680568876666663
50 52 9.0205620750794e-17
51 52 1.11022302462516e-15
55 52 0.0180079352800002
56 52 -0.0672065294000008
105 52 -0.00664202212999976
106 52 0.0163711098499996
107 52 -0.01202655628
108 52 -0.00288732066666531
109 52 0.00151424329666655
110 52 -0.0176021806833334
9 53 0.0014547733244374
10 53 0.00581709962454374
11 53 0.00145477320761928
48 53 0.00344000668800039
49 53 0.000731212066665418
50 53 0.0136740768888888
51 53 0.00328285544888895
55 53 0.00339703175644401
56 53 0.000910215604445541
105 53 -0.00563350959066652
106 53 0.0165854805388886
107 53 -0.00801770418666659
108 53 -0.00192488043555455
109 53 0.00251015680399992
110 53 -0.0173353312300005
9 54 0.00218158271789362
10 54 1.96543337160904e-11
11 54 -0.00218158264248111
48 54 0.00964321658222245
49 54 -0.0453681672888886
50 54 -0.0216551858488889
51 54 0.090200340622224
55 54 0.0120045480666668
56 54 -0.0448012617777782
105 54 0.00542878234399982
106 54 -0.0106674425177771
107 54 -0.00539867762133295
108 54 0.0224871106133316
109 54 5.83707511104398e-06
110 54 -0.0119693765177772
9 55 -0.00732729359364215
10 55 0.0554134439728882
11 55 -0.0908634121059495
12 55 0.0546412455997154
13 55 -0.00712435458599658
48 55 0.0459529916160459
50 55 -0.374196134086503
52 55 0.0180079352800002
53 55 0.00339703175644401
54 55 0.0120045480666668
55 55 0.667267976121398
57 55 -0.374196135548436
59 55 -0.0180079352799998
60 55 0.00339702359488948
61 55 0.0120043873017778
62 55 0.0459529917529569
105 55 0.00552293579056359
107 55 -0.0406805494645255
109 55 0.0644588872206482
111 55 -0.0406805494931963
113 55 0.00552293579860036
9 56 -0.00155746436464478
10 56 0.0133035908074643
11 56 -0.0243467781532125
12 56 0.0161854743452462
13 56 -0.00231484306354932
49 56 0.0459529916160459
51 56 -0.374196134086503
52 56 -0.0672065294000008
53 56 0.000910215604445541
54 56 -0.0448012617777782
56 56 0.667267976121398
58 56 -0.374196135548436
59 56 0.0672065294000004
60 56 0.000910246064441872
61 56 -0.0448013048577782
63 56 0.0459529917529569
106 56 0.00552293579056359
108 56 -0.0406805494645255
110 56 0.0644588872206482
112 56 -0.0406805494931963
114 56 0.00552293579860036
11 57 0.0550462384271238
12 57 -0.0998387109138217
13 57 0.0541988656371355
55 57 -0.374196135548436
57 57 0.769952695090936
59 57 -7.63278329429795e-17
60 57 0.0134835256524449
61 57 -0.0263462292702226
62 57 -0.374196135295303
109 57 -0.0406805177120739
111 57 0.0696500555358988
113 57 -0.0406805179095318
11 58 0.0147495952891502
12 58 -0.0295735735234873
13 58 0.0176102784691498
56 58 -0.374196135548436
58 58 0.769952695090936
59 58 -1.66533453693773e-16
60 58 0.00399400223111124
61 58 0.0889433793155567
63 58 -0.374196135295303
110 58 -0.0406805177120739
112 58 0.0696500555358988
114 58 -0.0406805179095318
11 59 -0.00218215992041509
12 59 -0.00872564943106346
13 59 -0.00218216000675919
55 59 -0.0180079352799998
56 59 0.0672065294000004
57 59 -7.63278329429795e-17
58 59 -1.66533453693773e-16
62 59 0.0215005740066669
63 59 -0.0661719626666653
109 59 -0.00748971718666691
110 59 0.0160010572499998
111 59 -0.0118589636000005
112 59 -0.00351278506666719
113 59 0.00243339506500007
114 59 -0.0174988080666668
11 60 0.00145477329994875
12 60 0.00581709962154514
13 60 0.00145477338113353
55 60 0.00339702359488948
56 60 0.000910246064441872
57 60 0.0134835256524449
58 60 0.00399400223111124
62 60 0.00334473922866624
63 60 0.00108675507777964
109 60 -0.00649380606633343
110 60 0.0162679156066668
111 60 -0.00790597573288926
112 60 -0.00234185671555565
113 60 0.00341397787955566
114 60 -0.0171802022611113
11 61 0.00218158269297038
12 61 -1.31069322062416e-11
13 61 -0.00218158275790237
55 61 0.0120043873017778
56 61 -0.0448013048577782
57 61 -0.0263462292702226
58 61 0.0889433793155567
62 61 0.0143328131195558
63 61 -0.0441115937022212
109 61 0.00597963320344469
110 61 -0.0103687026566662
111 61 -0.00656816335799959
112 61 0.0221737478911083
113 61 0.000632257855666667
114 61 -0.0119526673788887
11 62 -0.00723574038413838
12 62 0.0546412455570746
13 62 -0.0894646754294008
14 62 0.0537192790397096
15 62 -0.0069934413107493
55 62 0.0459529917529569
57 62 -0.374196135295303
59 62 0.0215005740066669
60 62 0.00334473922866624
61 62 0.0143328131195558
62 62 0.667267975115355
64 62 -0.374196133309772
66 62 -0.0215005740066671
67 62 0.00334472950888921
68 62 0.0143326548373335
69 62 0.0459529915450896
109 62 0.00552293581996452
111 62 -0.0406805498990748
113 62 0.0644588875294523
115 62 -0.0406805497387828
117 62 0.00552293580196833
11 63 -0.0019388108131075
12 63 0.0161854743326154
13 63 -0.0290688343555361
14 63 0.0190229946194231
15 63 -0.00268453065752305
56 63 0.0459529917529569
58 63 -0.374196135295303
59 63 -0.0661719626666653
60 63 0.00108675507777964
61 63 -0.0441115937022212
63 63 0.667267975115355
65 63 -0.374196133309772
66 63 0.0661719626666666
67 63 0.00108678507999786
68 63 -0.0441116451288885
70 63 0.0459529915450896
110 63 0.00552293581996452
112 63 -0.0406805498990748
114 63 0.0644588875294523
116 63 -0.0406805497387828
118 63 0.00552293580196833
13 64 0.0541988653376402
14 64 -0.0981541234457444
15 64 0.0532029365626605
62 64 -0.374196133309772
64 64 0.769952692006637
66 64 2.35922392732846e-16
67 64 0.0132560170577778
68 64 -0.0309650594346667
69 64 -0.374196134321608
113 64 -0.0406805178097822
115 64 0.0696500556201864
117 64 -0.0406805178796017
13 65 0.0176102783718378
14 65 -0.0347581984635787
15 65 0.0204226943397933
63 65 -0.374196133309772
65 65 0.769952692006637
66 65 5.55111512312578e-16
67 65 0.00469420186666622
68 65 0.0874426304355564
70 65 -0.374196134321608
114 65 -0.0406805178097822
116 65 0.0696500556201864
118 65 -0.0406805178796017
13 66 -0.00218215972909
14 66 -0.00872564945185639
15 66 -0.00218215978822917
62 66 -0.0215005740066671
63 66 0.0661719626666666
64 66 2.35922392732846e-16
65 66 5.55111512312578e-16
69 66 0.02493428114
70 66 -0.0649560232000006
113 66 -0.00831688338166653
114 66 0.0155871468833343
115 66 -0.0116588663333334
116 66 -0.00412862113333268
117 66 0.00334587696499991
118 66 -0.0173474725833338
13 67 0.00145477310200995
14 67 0.00581709963038152
15 67 0.00145477314836492
62 67 0.00334472950888921
63 67 0.00108678507999786
64 67 0.0132560170577778
65 67 0.00469420186666622
69 67 0.00328327899333328
70 67 0.0012603158533348
113 67 -0.00733630341944447
114 67 0.0159057614822231
115 67 -0.00777257755111113
116 67 -0.00275241408888843
117 67 0.00430844140722217
118 67 -0.0169779836600007
13 68 0.0021815825727666
14 68 -4.48040493594704e-11
15 68 -0.00218158260713261
62 68 0.0143326548373335
63 68 -0.0441116451288885
64 68 -0.0309650594346667
65 68 0.0874426304355564
69 68 0.0166217929262221
70 68 -0.0433010188177778
113 68 0.00651409427177763
114 68 -0.0100415428944446
115 68 -0.00771964618133314
116 68 0.0217996084444425
117 68 0.001256945605111
118 68 -0.011903196883333
13 69 -0.00712435458960006
14 69 0.0537192792435626
15 69 -0.0878207218836669
16 69 0.0526500727697319
17 69 -0.00684335967418945
62 69 0.0459529915450896
64 69 -0.374196134321608
66 69 0.02493428114
67 69 0.00328327899333328
68 69 0.0166217929262221
69 69 0.667267979806052
71 69 -0.374196139089893
73 69 -0.0249342811400004
74 69 0.00328326768911186
75 69 0.0166216375462224
76 69 0.0459529918043504
113 69 0.00552293574956805
115 69 -0.0406805493663465
117 69 0.0644588871134708
119 69 -0.0406805495939977
121 69 0.0055229357334487
13 70 -0.00231484306472014
14 70 0.0190229946916113
15 70 -0.0337112173802241
16 70 0.021808374092341
17 70 -0.00304685997363227
63 70 0.0459529915450896
65 70 -0.374196134321608
66 70 -0.0649560232000006
67 70 0.0012603158533348
68 70 -0.0433010188177778
70 70 0.667267979806052
72 70 -0.374196139089893
73 70 0.0649560232000015
74 70 0.00126034527333192
75 70 -0.0433010784666676
77 70 0.0459529918043504
114 70 0.00552293574956805
116 70 -0.0406805493663465
118 70 0.0644588871134708
120 70 -0.0406805495939977
122 70 0.0055229357334487
15 71 0.0532029371753264
16 71 -0.0962005038645657
17 71 0.0520611830677935
69 71 -0.374196139089893
71 71 0.769952695516441
73 71 4.16333634234434e-16
74 71 0.0129921745875559
75 71 -0.0354990166035551
76 71 -0.374196132227892
117 71 -0.0406805177756757
119 71 0.069650055310257
121 71 -0.040680517235326
15 72 0.0204226945749737
16 72 -0.0398475532090101
17 72 0.0231791316577248
70 72 -0.374196139089893
72 72 0.769952695516441
73 72 -3.33066907387547e-16
74 72 0.00538153485333337
75 72 0.0857022073333331
77 72 -0.374196132227892
118 72 -0.0406805177756757
120 72 0.069650055310257
122 72 -0.040680517235326
15 73 -0.00218215996452764
16 73 -0.00872564944933568
17 73 -0.00218215999486793
69 73 -0.0249342811400004
70 73 0.0649560232000015
71 73 4.16333634234434e-16
72 73 -3.33066907387547e-16
76 73 0.0282996451999993
77 73 -0.0635620437999993
117 73 -0.00912125359833343
118 73 0.01513051315
119 73 -0.0114268129999993
120 73 -0.00473314086666721
121 73 0.00424918814999958
122 73 -0.0171485887000005
15 74 0.00145477336362518
16 74 0.00581709963910801
17 74 0.00145477336629823
69 74 0.00328326768911186
70 74 0.00126034527333192
71 74 0.0129921745875559
72 74 0.00538153485333337
76 74 0.0032128196339988
77 74 0.00143042218000167
117 74 -0.00815869250400009
118 74 0.015500010696667
119 74 -0.00761787533822164
120 74 -0.00315542724888923
121 74 0.00519109587188871
122 74 -0.0167292294511114
15 75 0.00218158272167587
16 75 -6.25466345383074e-12
17 75 -0.00218158275339067
69 75 0.0166216375462224
70 75 -0.0433010784666676
71 75 -0.0354990166035551
72 75 0.0857022073333331
76 75 0.0188652135862216
77 75 -0.0423717588666659
117 75 0.00703070066566644
118 75 -0.00968685994222174
119 75 -0.00884997009799876
120 75 0.0213657177399983
121 75 0.00187818820011076
122 75 -0.0118211004533335
15 76 -0.00699344132495294
16 76 0.0526500719643517
17 76 -0.0859360579760016
18 76 0.0514365549885147
19 76 -0.00667452073617336
69 76 0.0459529918043504
71 76 -0.374196132227892
73 76 0.0282996451999993
74 76 0.0032128196339988
75 76 0.0188652135862216
76 76 0.667267972605629
78 76 -0.374196134085414
80 76 -0.0282996451999999
81 76 0.00321280674666737
82 76 0.0188650615466662
83 76 0.0459529919197319
117 76 0.00552293581851609
119 76 -0.0406805497733171
121 76 0.0644588871101148
123 76 -0.0406805499725531
125 76 0.00552293580442914
15 77 -0.00268453066297532
16 77 0.0218083737587416
17 77 -0.0382611973949525
18 77 0.0245339785114023
19 77 -0.00340083811677291
70 77 0.0459529918043504
72 77 -0.374196132227892
73 77 -0.0635620437999993
74 77 0.00143042218000167
75 77 -0.0423717588666659
77 77 0.667267972605629
79 77 -0.374196134085414
80 77 0.063562043800002
81 77 0.0014304509999989
82 77 -0.042371826560001
84 77 0.0459529919197319
118 77 0.00552293581851609
120 77 -0.0406805497733171
122 77 0.0644588871101148
124 77 -0.0406805499725531
126 77 0.00552293580442914
17 78 0.0520611833368088
18 78 -0.0939832045318418
19 78 0.050776733318352
76 78 -0.374196134085414
78 78 0.769952697054659
80 78 1.38777878078145e-16
81 78 0.0126927214222221
82 78 -0.0399356734044443
83 78 -0.374196138894137
121 78 -0.0406805177152434
123 78 0.0696500559244213
125 78 -0.0406805178243503
17 79 0.0231791317774981
18 79 -0.0448276895863613
19 79 0.0258720374001367
77 79 -0.374196134085414
79 79 0.769952697054659
80 79 1.11022302462516e-16
81 79 0.00605411760000096
82 79 0.0837268804977773
84 79 -0.374196138894137
122 79 -0.0406805177152434
124 79 0.0696500559244213
126 79 -0.0406805178243503
17 80 -0.00218215974707323
18 80 -0.00872564940674087
19 80 -0.00218215999024834
76 80 -0.0282996451999999
77 80 0.063562043800002
78 80 1.38777878078145e-16
79 80 1.11022302462516e-16
83 80 0.0315874418666664
84 80 -0.061993845266666
121 80 -0.00990062311666662
122 80 0.0146324077833333
123 80 -0.0111634394
124 80 -0.00532468746666792
125 80 0.00514085258333313
126 80 -0.0169027018833332
17 81 0.00145477311543118
18 81 0.00581709960449403
19 81 0.00145477337759264
76 81 0.00321280674666737
77 81 0.0014304509999989
78 81 0.0126927214222221
79 81 0.00605411760000096
83 81 0.00313355396444379
84 81 0.00159660780000173
121 81 -0.00895871917333346
122 81 0.0150517755166666
123 81 -0.00744229293333326
124 81 -0.00354979164444574
125 81 0.00605952187333342
126 81 -0.0164346217055554
17 82 0.00218158258637588
18 82 -7.97922838913223e-11
19 82 -0.00218158273280555
76 82 0.0188650615466662
77 82 -0.042371826560001
78 82 -0.0399356734044443
79 82 0.0837268804977773
83 82 0.0210569259911108
84 82 -0.0413263608711101
121 82 0.00752803642111075
122 82 -0.00930562598222212
123 82 -0.00995603674222117
124 82 0.0208732651644432
125 82 0.00249428283222186
126 82 -0.0117066032933333
17 83 -0.00684335970820282
18 83 0.0514365554377711
19 83 -0.083815849810374
20 83 0.050082054156436
76 83 0.0459529919197319
78 83 -0.374196138894137
80 83 0.0315874418666664
81 83 0.00313355396444379
82 83 0.0210569259911108
83 83 0.667267981436861
85 83 -0.37419613606793
87 83 -0.0315874418666666
88 83 0.00313353967333449
89 83 0.0210567777022221
121 83 0.00552293576707064
123 83 -0.0406805497313771
125 83 0.0644588872462499
127 83 -0.0406805497220115
17 84 -0.00304685998877599
18 84 0.0245339787256866
19 84 -0.0427063077772765
20 84 0.0271923366670815
77 84 0.0459529919197319
79 84 -0.374196138894137
80 84 -0.061993845266666
81 84 0.00159660780000173
82 84 -0.0413263608711101
84 84 0.667267981436861
86 84 -0.37419613606793
87 84 0.0619938452666662
88 84 0.00159663586444271
89 84 -0.0413264364399994
122 84 0.00552293576707064
124 84 -0.0406805497313771
126 84 0.0644588872462499
128 84 -0.0406805497220115
19 85 0.050776732847337
20 85 -0.0915083035422208
83 85 -0.37419613606793
85 85 0.769952693391801
87 85 9.71445146547012e-17
88 85 0.0123584784977778
89 85 -0.0442628692711111
125 85 -0.0406805176583476
127 85 0.0696500554084936
19 86 0.0258720371601425
20 86 -0.0496849548139746
84 86 -0.37419613606793
86 86 0.769952693391801
87 86 -4.44089209850063e-16
88 86 0.00671010639111005
89 86 0.0815220639911116
126 86 -0.0406805176583476
128 86 0.0696500554084936
19 87 -0.00218215977615505
20 87 -0.00872564945608473
83 87 -0.0315874418666666
84 87 0.0619938452666662
85 87 9.71445146547012e-17
86 87 -4.44089209850063e-16
125 87 -0.010652855733333
126 87 0.0140941959500008
127 87 -0.010869467733334
128 87 -0.00590163946666578
19 88 0.00145477314481288
20 88 0.00581709963917493
83 88 0.00313353967333449
84 88 0.00159663586444271
85 88 0.0123584784977778
86 88 0.00671010639111005
125 88 -0.0097341906477777
126 88 0.0145622844066675
127 88 -0.0072463118266671
128 88 -0.00393442630666635
